1645709709232 0.30784550309181213 0
1645709742446 0.387315958738327 1
1645709775341 0.4271097779273987 2
1645709808080 0.46440425515174866 3
1645709841021 0.48705431818962097 4
1645709874165 0.5111883282661438 5
1645709907291 0.5308704376220703 6
1645709940502 0.5405162572860718 7
1645709973945 0.5555902719497681 8
1645710007582 0.5671495795249939 9
1645710040632 0.5751942992210388 10
1645710073804 0.5832780003547668 11
1645710106778 0.5915960669517517 12
1645710139752 0.5971413850784302 13
1645710172812 0.6023743748664856 14
1645710205878 0.6072167754173279 15
1645710239012 0.6138556003570557 16
1645710272171 0.6182293891906738 17
1645710305191 0.6218221783638 18
