1645709709232 2.34914493560791 0
1645709742446 2.0382533073425293 1
1645709775341 1.892600655555725 2
1645709808080 1.775190830230713 3
1645709841021 1.6811418533325195 4
1645709874165 1.6007094383239746 5
1645709907291 1.5357190370559692 6
1645709940502 1.4846231937408447 7
1645709973945 1.4378656148910522 8
1645710007582 1.3989073038101196 9
1645710040632 1.362105369567871 10
1645710073804 1.3326646089553833 11
1645710106778 1.3022271394729614 12
1645710139752 1.2791380882263184 13
1645710172812 1.2564737796783447 14
1645710205878 1.235549807548523 15
1645710239012 1.217202067375183 16
1645710272171 1.204505443572998 17
1645710305191 1.1873832941055298 18
