1645661746432 0.3036279082298279 0
1645661770462 0.3771234452724457 1
1645661794606 0.4126996397972107 2
1645661818815 0.4401921331882477 3
1645661843051 0.4615534842014313 4
1645661867270 0.483383446931839 5
1645661891466 0.4951380491256714 6
1645661915601 0.5078689455986023 7
1645661939721 0.5185691118240356 8
1645661963828 0.5286445021629333 9
1645661987898 0.5351661443710327 10
1645662011922 0.5437185168266296 11
1645662035974 0.5481704473495483 12
1645662060369 0.5535986423492432 13
1645662084489 0.5556683540344238 14
1645662108559 0.564376950263977 15
1645662132672 0.5665638446807861 16
1645662156771 0.5732417106628418 17
1645662180834 0.5750380754470825 18
1645662204837 0.5795290470123291 19
1645662228917 0.5763658285140991 20
1645662252986 0.5818330645561218 21
1645662277052 0.5810520648956299 22
1645662301176 0.5855820775032043 23
