1645661746432 2.3837225437164307 0
1645661770462 2.075862407684326 1
1645661794606 1.9517420530319214 2
1645661818815 1.8498173952102661 3
1645661843051 1.7700889110565186 4
1645661867270 1.7034856081008911 5
1645661891466 1.6511955261230469 6
1645661915601 1.6052881479263306 7
1645661939721 1.5655875205993652 8
1645661963828 1.5329762697219849 9
1645661987898 1.5069829225540161 10
1645662011922 1.4807360172271729 11
1645662035974 1.4612293243408203 12
1645662060369 1.4418466091156006 13
1645662084489 1.422224521636963 14
1645662108559 1.4073760509490967 15
1645662132672 1.3912525177001953 16
1645662156771 1.3752601146697998 17
1645662180834 1.3636701107025146 18
1645662204837 1.3518385887145996 19
1645662228917 1.351819396018982 20
1645662252986 1.3328455686569214 21
1645662277052 1.329953908920288 22
1645662301176 1.317009687423706 23
