1645661147221 0.309095174074173 0
1645661181011 0.3850119113922119 1
1645661215984 0.42632874846458435 2
1645661250121 0.457726389169693 3
1645661282782 0.4861561357975006 4
1645661316003 0.5066583156585693 5
1645661349751 0.527746319770813 6
1645661383135 0.5431327223777771 7
1645661416493 0.5563713312149048 8
1645661449788 0.5669934153556824 9
1645661483138 0.5766391754150391 10
1645661516559 0.5853477716445923 11
1645661549923 0.5945639610290527 12
1645661583100 0.6010856628417969 13
1645661615932 0.603780210018158 14
1645661648940 0.6131135821342468 15
1645661681662 0.6137774586677551 16
1645661714545 0.622603178024292 17
