1645661147221 2.3587446212768555 0
1645661181011 2.0501365661621094 1
1645661215984 1.907619595527649 2
1645661250121 1.7895501852035522 3
1645661282782 1.6869243383407593 4
1645661316003 1.60747492313385 5
1645661349751 1.5400999784469604 6
1645661383135 1.4814927577972412 7
1645661416493 1.4341049194335938 8
1645661449788 1.3951622247695923 9
1645661483138 1.355020523071289 10
1645661516559 1.327080249786377 11
1645661549923 1.2977755069732666 12
1645661583100 1.272685170173645 13
1645661615932 1.2587484121322632 14
1645661648940 1.2329574823379517 15
1645661681662 1.2131562232971191 16
1645661714545 1.1931153535842896 17
